2.60E+04	1.87E+04	2.39E+03	8.25E+03	2.12E+04	1.11E+04	1.56E+05	6.78E+04	2.59E+04	5.44E+03	6.32E+03	2.30E+05	1.12E+04	1.19E+04	1.33E+04	1.76E+04	5.68E+04	2.60E+04	7.47E+05	1.17E+04
0.00E+00	0.00E+00	0.00E+00	0.00E+00	0.00E+00	0.00E+00	0.00E+00	0.00E+00	0.00E+00	0.00E+00	0.00E+00	0.00E+00	0.00E+00	0.00E+00	0.00E+00	0.00E+00	0.00E+00	0.00E+00	0.00E+00	0.00E+00
1.88E+03	1.74E+03	1.74E+03	2.80E+03	3.54E+03	3.87E+03	1.55E+03	2.30E+03	3.64E+03	2.35E+03	1.48E+03	1.85E+03	8.65E+03	2.76E+03	1.10E+03	4.32E+03	3.16E+03	3.93E+03	8.33E+03	2.01E+03
8.71E+01	9.83E+01	1.21E+02	1.33E+02	9.35E+01	1.23E+02	1.22E+02	1.14E+02	1.14E+02	1.27E+02	9.85E+01	1.22E+02	9.06E+01	1.19E+02	9.23E+01	9.57E+01	1.13E+02	1.17E+02	1.21E+02	8.19E+01
7.74E+01	7.69E+01	9.04E+01	8.33E+01	9.51E+01	9.34E+01	8.37E+01	6.00E+01	7.09E+01	7.35E+01	8.18E+01	7.68E+01	9.84E+01	5.39E+01	7.64E+01	5.08E+01	7.83E+01	8.22E+01	8.37E+01	9.05E+01
1.67E+00	4.05E+00	6.88E+00	1.44E+01	4.88E+00	2.50E-01	1.54E+00	4.41E+00	1.21E+00	1.07E+00	4.61E-01	4.33E+00	3.39E+00	2.53E+00	4.01E+00	5.23E-01	3.19E+00	1.17E+00	7.56E+00	1.34E+00
1.38E+02	9.02E+01	9.29E+01	1.13E+02	1.08E+02	1.03E+02	7.98E+01	1.27E+02	1.37E+02	1.09E+02	1.30E+02	1.23E+02	1.10E+02	1.09E+02	1.03E+02	1.36E+02	5.63E+01	1.03E+02	9.49E+01	9.15E+01
4.67E+01	8.95E+01	6.90E+01	8.34E+01	6.10E+01	7.59E+01	7.57E+01	1.03E+02	9.36E+01	5.18E+01	5.59E+01	5.48E+01	5.96E+01	5.65E+01	7.76E+01	4.79E+01	7.42E+01	5.96E+01	5.70E+01	6.10E+01
6.04E+02	3.03E+02	8.56E+00	5.69E+02	9.57E+01	1.33E+03	2.45E+01	5.98E+02	4.38E+02	2.47E+02	8.40E+01	5.57E+02	4.81E+01	8.04E+02	1.84E+02	3.18E+02	4.18E+01	4.27E+01	5.51E+02	1.03E+03
2.52E+03	2.34E+03	1.44E+03	1.77E+03	4.08E+03	3.00E+03	2.95E+03	5.91E+03	6.51E+03	2.84E+03	5.92E+03	7.13E+03	5.41E+03	2.96E+03	1.94E+03	4.63E+03	3.18E+03	2.70E+03	4.00E+03	1.82E+03
1.01E+02	1.12E+02	8.61E+01	6.60E+01	9.78E+01	1.13E+02	1.22E+02	1.57E+02	2.48E+02	8.21E+01	1.39E+02	5.64E+01	9.58E+01	2.78E+02	2.11E+02	2.00E+02	1.16E+02	1.35E+02	7.31E+01	1.20E+02
2.97E+05	2.50E+06	4.60E+04	6.65E+04	2.23E+06	9.44E+05	1.90E+04	1.30E+06	1.51E+05	1.13E+07	4.38E+06	1.16E+06	5.77E+06	4.15E+05	1.94E+06	9.93E+05	1.39E+05	5.72E+06	2.26E+06	1.04E+06
3.39E+04	3.16E+04	4.59E+04	2.41E+04	4.57E+04	1.30E+04	1.21E+04	2.11E+04	3.62E+04	8.64E+04	3.21E+04	7.28E+04	8.32E+05	2.75E+04	4.22E+05	1.90E+04	7.15E+04	7.60E+03	4.61E+04	1.82E+04
1.69E+03	6.42E+02	4.88E+02	7.17E+02	5.77E+02	1.63E+03	1.61E+03	1.84E+03	9.05E+02	3.48E+02	2.50E+02	6.08E+02	5.88E+02	1.24E+03	3.20E+03	2.67E+03	1.96E+03	1.74E+03	9.92E+02	4.32E+02
1.07E+04	1.90E+04	1.98E+04	9.93E+04	1.94E+04	5.43E+03	4.50E+03	2.05E+04	2.52E+04	8.27E+03	7.46E+03	7.27E+03	1.54E+03	1.85E+03	5.35E+04	4.15E+04	4.85E+04	4.59E+02	6.45E+03	7.51E+03
1.20E+03	5.43E+02	2.77E+02	8.69E+02	7.61E+02	7.95E+02	4.10E+02	4.76E+02	7.53E+02	7.32E+02	4.91E+02	9.72E+02	7.74E+02	6.04E+02	4.95E+02	9.77E+02	4.91E+02	7.02E+02	7.30E+02	7.31E+02
2.26E+02	2.91E+02	9.42E+01	2.29E+02	3.38E+02	4.09E+02	3.16E+02	2.88E+02	2.19E+02	1.09E+02	1.16E+02	1.65E+02	1.86E+02	2.51E+02	2.30E+02	2.11E+02	5.66E+02	9.95E+01	4.08E+02	3.22E+02
7.20E+04	7.83E+04	9.88E+04	1.22E+05	7.32E+04	1.61E+05	2.10E+05	3.76E+04	6.00E+04	4.92E+04	4.42E+04	7.31E+04	6.97E+04	1.24E+05	6.58E+04	5.64E+04	3.61E+04	4.17E+04	4.74E+04	1.20E+05
2.75E+03	4.06E+03	3.21E+03	5.14E+03	4.28E+03	6.89E+03	1.79E+03	1.68E+03	1.50E+05	1.06E+03	5.93E+03	8.35E+03	7.02E+03	1.70E+03	2.81E+03	1.99E+03	5.08E+04	3.01E+03	3.44E+03	5.36E+02
2.46E+02	4.00E+02	1.87E+02	1.40E+02	2.56E+02	2.63E+02	2.60E+02	2.62E+02	4.01E+02	2.47E+02	4.67E+02	2.16E+02	3.70E+02	4.17E+02	4.62E+02	2.50E+02	2.78E+02	3.87E+02	2.71E+02	2.18E+02
2.69E+02	2.64E+02	2.47E+02	2.76E+02	2.65E+02	2.68E+02	2.68E+02	2.61E+02	2.51E+02	2.50E+02	2.63E+02	2.62E+02	2.53E+02	2.47E+02	2.62E+02	2.74E+02	2.35E+02	2.55E+02	2.66E+02	2.70E+02
1.04E+02	1.09E+02	1.06E+02	1.01E+02	1.04E+02	1.11E+02	1.14E+02	1.02E+02	1.01E+02	1.00E+02	1.09E+02	1.01E+02	1.06E+02	1.01E+02	1.09E+02	1.01E+02	1.01E+02	1.05E+02	1.07E+02	1.08E+02
4.38E+02	4.03E+02	4.12E+02	4.06E+02	3.90E+02	4.04E+02	4.29E+02	3.83E+02	3.88E+02	4.54E+02	3.85E+02	4.32E+02	4.16E+02	4.48E+02	4.09E+02	4.43E+02	4.64E+02	4.16E+02	4.18E+02	4.63E+02
4.99E+02	5.02E+02	4.57E+02	4.67E+02	5.06E+02	4.93E+02	4.51E+02	4.59E+02	4.88E+02	4.76E+02	4.88E+02	4.73E+02	4.77E+02	4.60E+02	4.81E+02	5.19E+02	4.79E+02	4.52E+02	4.62E+02	4.68E+02
4.04E+02	4.06E+02	3.87E+02	4.33E+02	4.39E+02	3.85E+02	4.39E+02	4.04E+02	4.05E+02	4.01E+02	4.03E+02	3.84E+02	3.96E+02	4.36E+02	4.30E+02	4.34E+02	4.00E+02	3.99E+02	3.95E+02	4.01E+02
2.08E+03	3.18E+03	2.72E+03	2.31E+03	1.99E+03	2.32E+03	2.10E+03	3.30E+03	3.35E+03	2.81E+03	1.86E+03	1.64E+03	4.00E+03	2.16E+03	2.39E+03	1.68E+03	3.33E+03	2.89E+03	2.39E+03	2.50E+03
5.55E+02	5.55E+02	5.42E+02	5.51E+02	5.38E+02	5.31E+02	5.59E+02	5.40E+02	5.54E+02	5.30E+02	5.41E+02	5.46E+02	5.30E+02	5.46E+02	5.52E+02	5.41E+02	5.70E+02	5.25E+02	5.27E+02	5.86E+02
4.67E+02	4.67E+02	4.53E+02	4.07E+02	4.43E+02	4.52E+02	4.67E+02	4.74E+02	4.16E+02	4.47E+02	4.42E+02	4.09E+02	4.09E+02	4.25E+02	4.11E+02	4.60E+02	4.55E+02	4.12E+02	4.30E+02	4.62E+02
1.00E+03	7.24E+02	1.28E+03	1.10E+03	1.08E+03	1.11E+03	1.12E+03	6.27E+02	1.08E+03	1.33E+03	8.46E+02	1.11E+03	1.05E+03	1.23E+03	1.00E+03	7.93E+02	9.38E+02	9.73E+02	1.07E+03	1.31E+03
1.46E+04	2.15E+04	1.03E+04	8.49E+04	1.56E+04	6.22E+03	7.22E+03	3.13E+04	2.94E+04	3.24E+04	3.70E+03	7.01E+03	3.40E+04	3.11E+04	8.81E+03	1.02E+04	2.15E+04	9.93E+03	1.29E+04	1.57E+04
