4.64E+03	1.31E+03	4.82E+03	2.75E+03	8.30E+03	2.37E+03	9.40E+03	2.99E+03	6.03E+03	1.70E+04	5.31E+03	1.34E+02	1.55E+03	2.19E+03	4.05E+03	1.71E+03	1.44E+04	9.55E+03	1.10E+04	2.20E+03
0.00E+00	0.00E+00	0.00E+00	0.00E+00	0.00E+00	0.00E+00	0.00E+00	0.00E+00	0.00E+00	0.00E+00	0.00E+00	0.00E+00	0.00E+00	0.00E+00	0.00E+00	0.00E+00	0.00E+00	0.00E+00	0.00E+00	0.00E+00
3.88E-08	5.89E-07	1.08E-06	1.06E-06	1.39E-07	1.10E-07	1.39E-07	9.44E-07	4.56E-07	7.04E-07	1.86E-07	1.35E-06	1.68E-08	8.89E-07	5.73E-07	1.40E-06	1.39E-07	9.02E-08	1.52E-06	2.09E-06
3.06E-01	7.76E+00	3.34E+00	9.04E+00	7.32E+01	2.18E+00	1.76E-03	1.24E+01	4.31E+00	9.01E+00	9.05E+00	6.57E+00	8.08E+01	7.77E+01	1.18E+01	1.21E+01	9.22E+00	1.19E+01	7.23E+01	7.12E+01
9.35E+01	6.47E+01	7.06E+01	7.76E+01	6.07E+01	7.66E+01	8.06E+01	7.26E+01	6.17E+01	9.85E+01	8.46E+01	1.10E+02	8.06E+01	8.56E+01	8.16E+01	9.85E+01	1.06E+02	7.86E+01	8.76E+01	7.86E+01
1.65E+01	1.63E+01	1.17E+01	1.20E+01	1.71E+01	1.31E+01	9.54E+00	1.10E+01	9.37E+00	4.99E+00	1.26E+01	6.98E+00	1.66E+01	9.95E+00	1.24E+01	5.76E+00	1.69E+01	5.11E+00	1.50E+01	1.26E+01
1.65E+02	1.70E+02	1.28E+02	1.17E+02	1.46E+02	1.12E+02	1.40E+02	1.33E+02	1.34E+02	1.08E+02	1.19E+02	1.39E+02	1.56E+02	1.25E+02	1.50E+02	1.42E+02	1.32E+02	1.07E+02	1.37E+02	1.10E+02
1.18E+02	8.36E+01	7.26E+01	8.76E+01	6.07E+01	7.96E+01	6.47E+01	9.25E+01	1.01E+02	8.46E+01	4.97E+01	9.95E+01	8.36E+01	8.66E+01	6.57E+01	1.28E+02	7.46E+01	9.45E+01	7.96E+01	5.67E+01
6.02E+02	9.48E+01	2.63E+02	1.17E+03	5.40E+02	2.28E+02	2.86E+02	6.31E+02	4.30E+02	4.97E+02	1.03E+03	1.65E+02	6.49E+02	3.83E+02	3.61E+02	2.39E+02	2.62E+02	5.19E+02	2.94E+02	8.18E+02
3.27E+03	2.60E+03	2.87E+03	2.79E+03	2.13E+03	2.53E+03	2.56E+03	2.92E+03	2.38E+03	3.03E+03	2.77E+03	2.84E+03	3.29E+03	3.11E+03	3.25E+03	2.84E+03	2.30E+03	2.53E+03	3.04E+03	2.69E+03
1.77E+02	1.53E+02	1.34E+02	1.23E+02	7.37E+01	6.33E+01	1.13E+02	1.76E+02	1.79E+02	2.58E+02	2.02E+02	9.05E+01	1.04E+02	4.34E+01	7.79E+01	9.27E+01	7.68E+01	1.07E+02	1.64E+02	1.07E+02
1.36E+04	2.40E+04	3.29E+03	4.31E+04	2.88E+04	1.17E+04	3.97E+04	2.07E+04	1.98E+04	1.46E+04	1.95E+04	1.46E+04	1.37E+04	3.27E+04	1.76E+04	3.04E+04	4.34E+04	6.54E+03	1.09E+04	4.01E+03
1.08E+03	7.94E+03	4.01E+03	6.52E+03	1.40E+03	2.44E+03	2.02E+03	1.91E+03	1.64E+03	1.54E+03	5.49E+03	5.63E+03	2.20E+03	2.14E+04	1.23E+03	3.48E+03	3.12E+02	2.25E+03	6.31E+03	1.35E+03
7.09E+01	6.96E+01	7.86E+01	6.21E+01	5.38E+01	6.07E+01	8.46E+01	1.43E+02	1.35E+02	7.49E+01	4.59E+01	7.83E+01	1.57E+02	1.01E+02	1.53E+02	6.70E+01	1.41E+02	7.91E+01	7.38E+01	8.03E+01
6.73E+02	2.26E+02	1.79E+02	2.03E+02	1.37E+02	2.53E+02	2.21E+02	6.20E+01	1.93E+02	1.34E+02	1.31E+02	9.27E+01	3.65E+02	2.62E+02	2.60E+02	1.96E+02	3.04E+02	1.17E+02	2.47E+02	1.36E+02
4.88E+02	5.03E+02	4.15E+02	8.28E+02	6.92E+02	5.22E+02	4.62E+02	8.97E+02	8.02E+02	4.64E+02	7.56E+02	5.24E+02	7.84E+02	7.04E+02	9.58E+02	3.73E+02	3.54E+02	5.90E+02	7.12E+02	7.74E+02
9.63E+01	8.72E+01	1.00E+02	8.32E+01	2.98E+02	1.28E+02	1.99E+02	1.26E+02	1.93E+02	3.08E+02	1.18E+02	6.64E+01	3.27E+02	1.66E+02	2.29E+02	2.25E+02	2.15E+02	2.21E+02	1.43E+02	2.12E+02
1.13E+03	2.96E+02	1.31E+02	4.09E+03	3.67E+02	1.11E+04	7.98E+02	2.74E+03	2.11E+03	7.22E+02	6.60E+02	4.63E+03	5.42E+02	1.04E+03	2.64E+03	4.36E+02	4.49E+02	5.60E+02	5.32E+02	1.18E+03
1.93E+02	1.08E+02	2.43E+02	7.22E+01	1.33E+02	2.48E+02	1.41E+02	1.36E+02	1.03E+02	1.63E+02	7.65E+01	5.10E+02	1.68E+02	9.96E+01	1.48E+02	8.47E+01	1.06E+02	7.48E+01	1.91E+02	9.38E+01
1.69E+02	3.00E+02	2.24E+02	2.57E+02	3.00E+02	4.46E+02	2.60E+02	4.21E+02	2.54E+02	1.13E+02	1.16E+02	1.90E+02	2.44E+02	2.64E+02	2.57E+02	3.12E+02	2.51E+02	2.23E+02	1.71E+02	3.02E+02
2.64E+02	2.48E+02	2.95E+02	2.64E+02	2.63E+02	2.58E+02	2.74E+02	2.92E+02	2.67E+02	2.61E+02	2.66E+02	2.67E+02	2.84E+02	2.74E+02	2.83E+02	2.72E+02	2.64E+02	2.66E+02	2.52E+02	3.00E+02
1.00E+02	1.00E+02	1.00E+02	1.00E+02	1.04E+02	1.00E+02	1.00E+02	1.02E+02	1.00E+02	1.03E+02	1.00E+02	1.00E+02	1.02E+02	1.00E+02	1.00E+02	1.00E+02	1.02E+02	1.02E+02	1.00E+02	1.00E+02
4.14E+02	4.30E+02	4.92E+02	3.99E+02	4.62E+02	4.39E+02	4.69E+02	4.15E+02	4.16E+02	4.05E+02	4.50E+02	4.23E+02	4.35E+02	4.27E+02	5.08E+02	3.97E+02	4.25E+02	4.41E+02	4.27E+02	4.33E+02
5.26E+02	5.34E+02	5.34E+02	4.66E+02	5.02E+02	5.21E+02	5.01E+02	4.64E+02	5.02E+02	5.05E+02	4.70E+02	5.22E+02	5.08E+02	5.21E+02	5.07E+02	4.99E+02	4.78E+02	4.92E+02	4.85E+02	4.92E+02
3.87E+02	3.87E+02	3.87E+02	3.83E+02	3.84E+02	3.87E+02	3.84E+02	3.87E+02	3.90E+02	3.87E+02	3.87E+02	3.87E+02	4.41E+02	3.88E+02	3.88E+02	3.97E+02	4.25E+02	3.97E+02	3.87E+02	3.87E+02
1.66E+03	3.00E+02	2.61E+03	2.54E+03	2.46E+03	1.97E+03	2.05E+03	2.21E+03	3.00E+02	2.39E+03	1.86E+03	2.08E+03	3.00E+02	2.00E+03	1.78E+03	3.00E+02	2.00E+02	1.68E+03	2.80E+03	1.81E+03
5.32E+02	5.82E+02	5.27E+02	5.54E+02	5.25E+02	5.24E+02	5.26E+02	5.53E+02	5.34E+02	5.15E+02	5.14E+02	5.38E+02	5.16E+02	5.52E+02	5.33E+02	5.38E+02	5.40E+02	5.30E+02	5.26E+02	5.36E+02
3.00E+02	3.00E+02	3.00E+02	3.00E+02	3.00E+02	3.00E+02	4.04E+02	3.00E+02	3.00E+02	3.00E+02	3.00E+02	4.18E+02	3.00E+02	3.00E+02	3.00E+02	4.08E+02	4.14E+02	3.00E+02	3.00E+02	3.00E+02
7.18E+02	6.84E+02	7.27E+02	8.74E+02	7.17E+02	7.34E+02	6.17E+02	9.55E+02	5.85E+02	8.63E+02	7.13E+02	8.12E+02	6.95E+02	9.16E+02	9.74E+02	8.98E+02	5.68E+02	8.47E+02	8.99E+02	8.00E+02
3.59E+03	4.21E+03	5.71E+03	2.63E+03	3.66E+03	2.49E+03	6.28E+03	4.35E+03	3.40E+03	4.03E+03	2.65E+03	1.38E+04	8.39E+03	3.87E+03	1.25E+04	4.03E+03	2.80E+03	1.13E+04	4.73E+03	3.12E+03
