1.67E+03	2.03E+03	2.53E-03	8.71E+02	2.39E+03	1.73E+02	2.34E+02	8.85E+01	2.63E+02	1.12E+03	1.12E+03	4.88E+03	4.44E+02	2.35E+03	4.67E+02	2.61E+01	1.06E+03	7.01E+01	4.19E+02	2.74E+03
0.00E+00	0.00E+00	0.00E+00	0.00E+00	0.00E+00	0.00E+00	0.00E+00	0.00E+00	0.00E+00	0.00E+00	0.00E+00	0.00E+00	0.00E+00	0.00E+00	0.00E+00	0.00E+00	0.00E+00	0.00E+00	0.00E+00	0.00E+00
9.06E-10	3.27E-09	7.48E-11	3.76E-11	3.93E-11	2.22E-10	1.13E-11	1.72E-11	3.13E-11	1.09E-10	1.18E-11	7.16E-12	1.54E-10	1.93E-11	7.59E-11	2.52E-10	1.61E-10	7.20E-11	2.20E-09	2.29E-11
1.92E+01	1.11E-01	4.12E+00	4.04E+00	1.67E-02	1.20E-04	4.10E+00	4.21E+00	8.44E+01	4.02E+00	4.59E+00	4.12E-02	6.41E+01	1.10E-02	4.00E+00	4.17E+00	4.01E+00	6.02E-03	2.79E-01	4.31E+00
4.38E+01	2.29E+01	3.78E+01	1.39E+01	4.68E+01	2.89E+01	2.89E+01	2.98E+01	2.69E+01	7.56E+01	2.59E+01	4.78E+01	3.88E+01	2.49E+01	2.39E+01	1.99E+01	2.89E+01	1.99E+01	2.29E+01	2.39E+01
1.03E-05	1.32E-04	1.16E-05	1.91E-04	5.57E-04	1.12E-05	5.25E-04	6.31E-04	6.83E-04	5.11E-03	1.49E-04	5.65E-03	2.88E-04	5.52E-02	2.56E-05	1.39E-02	6.43E-02	2.09E-04	6.38E-03	2.75E-04
5.34E+01	6.36E+01	5.17E+01	5.78E+01	6.90E+01	8.43E+01	6.05E+01	5.43E+01	6.90E+01	5.48E+01	5.76E+01	6.70E+01	6.92E+01	5.18E+01	6.68E+01	7.97E+01	6.32E+01	7.50E+01	6.60E+01	6.03E+01
2.79E+01	5.47E+01	3.38E+01	3.88E+01	3.18E+01	4.08E+01	2.29E+01	1.99E+01	3.78E+01	3.58E+01	3.78E+01	2.59E+01	3.18E+01	4.38E+01	1.99E+01	1.69E+01	4.08E+01	1.59E+01	3.58E+01	4.48E+01
7.23E-01	3.27E+00	6.39E+00	6.09E+00	3.81E+00	1.82E+00	1.72E+00	3.54E+00	9.98E-01	3.72E+00	6.33E-01	1.34E+01	6.58E+00	6.36E+00	1.16E+01	1.54E+00	8.36E+00	1.87E+01	3.26E+00	3.09E+00
3.84E+03	2.62E+03	3.51E+03	3.05E+03	3.40E+03	2.97E+03	3.59E+03	3.76E+03	3.65E+03	3.50E+03	3.28E+03	2.67E+03	3.22E+03	4.07E+03	3.93E+03	3.79E+03	3.09E+03	3.75E+03	3.02E+03	3.59E+03
2.79E+01	1.89E+01	2.89E+01	1.89E+01	3.38E+01	2.29E+01	2.09E+01	7.36E+01	3.88E+01	1.00E+02	5.97E+01	4.18E+01	1.39E+01	5.47E+01	5.37E+01	2.09E+01	1.10E+02	2.19E+01	1.49E+01	1.09E+01
1.12E+04	5.43E+03	6.82E+03	3.42E+04	2.98E+03	3.74E+04	1.24E+04	6.96E+03	1.25E+04	2.22E+04	1.58E+04	9.32E+03	1.94E+04	3.66E+04	1.63E+04	9.39E+03	1.86E+04	1.13E+04	3.04E+03	1.76E+03
3.17E+03	5.16E+03	2.86E+03	3.72E+03	1.15E+04	1.97E+03	6.32E+03	1.54E+04	3.52E+02	8.82E+03	8.30E+03	2.53E+03	3.25E+03	9.22E+02	2.81E+03	6.02E+03	8.03E+03	9.88E+02	1.18E+04	2.13E+03
4.92E+01	9.16E+01	7.48E+01	3.87E+01	4.19E+01	6.32E+01	4.20E+01	6.39E+01	5.41E+01	5.73E+01	4.50E+01	4.32E+01	4.90E+01	2.92E+01	8.66E+01	5.88E+01	3.41E+01	6.77E+01	2.98E+01	5.66E+01
1.95E+02	3.24E+02	1.65E+02	5.28E+02	1.10E+02	1.90E+02	1.57E+02	1.32E+02	1.72E+02	8.51E+01	1.63E+02	3.67E+02	2.94E+02	1.13E+02	2.95E+02	3.52E+02	8.94E+01	1.98E+02	1.31E+02	9.46E+01
3.91E+02	9.77E+02	3.62E+02	4.96E+01	3.19E+02	4.35E+02	6.35E+02	5.67E+02	2.48E+02	6.71E+00	2.61E+02	4.70E+02	4.98E+02	4.32E+02	6.44E+02	4.17E+01	4.74E+02	5.03E+02	4.73E+02	8.19E+02
6.99E+01	5.81E+01	6.48E+01	4.66E+01	5.53E+01	5.64E+01	3.64E+01	7.01E+01	3.83E+01	3.06E+01	5.27E+01	4.23E+01	3.94E+01	3.41E+01	4.36E+01	3.39E+01	5.15E+01	5.81E+01	5.59E+01	1.54E+02
7.08E+02	3.80E+03	4.34E+03	4.84E+04	6.51E+03	1.02E+04	1.16E+03	9.62E+02	1.49E+03	5.30E+03	1.39E+04	1.14E+04	4.85E+03	1.31E+04	3.93E+03	4.89E+03	8.69E+02	3.45E+03	4.40E+03	5.87E+03
7.93E+01	4.47E+01	2.00E+01	2.80E+02	6.18E+01	1.80E+02	1.13E+02	3.10E+02	4.27E+01	1.36E+02	1.68E+02	5.59E+02	1.86E+02	5.51E+03	8.22E+01	4.90E+02	6.89E+01	1.45E+02	1.00E+02	1.67E+02
7.05E+01	7.52E+01	3.76E+02	6.75E+01	1.39E+02	2.56E+01	2.81E+01	4.49E+01	1.34E+02	3.44E+01	4.59E+01	2.78E+01	1.07E+02	4.86E+01	4.81E+01	1.53E+02	2.91E+02	2.41E+02	4.16E+01	7.39E+01
2.28E+02	2.23E+02	2.34E+02	2.42E+02	2.25E+02	2.24E+02	2.18E+02	2.33E+02	2.33E+02	2.36E+02	2.47E+02	2.32E+02	2.22E+02	2.19E+02	2.19E+02	2.26E+02	2.27E+02	2.31E+02	2.25E+02	2.33E+02
1.00E+02	1.00E+02	1.00E+02	1.00E+02	1.00E+02	1.02E+02	1.00E+02	1.00E+02	1.00E+02	1.00E+02	1.00E+02	1.00E+02	1.00E+02	1.00E+02	1.02E+02	1.00E+02	1.00E+02	1.00E+02	1.00E+02	1.00E+02
3.65E+02	3.79E+02	3.91E+02	3.70E+02	3.88E+02	3.94E+02	3.70E+02	3.75E+02	4.06E+02	3.85E+02	3.78E+02	3.73E+02	4.02E+02	3.63E+02	3.88E+02	3.71E+02	4.54E+02	3.82E+02	3.81E+02	3.70E+02
4.39E+02	4.53E+02	4.47E+02	4.49E+02	4.44E+02	4.53E+02	4.49E+02	4.48E+02	4.63E+02	4.66E+02	4.19E+02	4.42E+02	4.46E+02	4.79E+02	4.52E+02	4.48E+02	4.38E+02	4.49E+02	4.37E+02	4.54E+02
3.84E+02	3.84E+02	3.87E+02	3.87E+02	3.88E+02	3.87E+02	4.11E+02	3.88E+02	3.91E+02	3.87E+02	3.84E+02	3.87E+02	3.87E+02	3.87E+02	3.87E+02	3.84E+02	3.87E+02	3.88E+02	3.88E+02	3.97E+02
1.33E+03	1.46E+03	1.32E+03	1.48E+03	1.31E+03	1.13E+03	1.35E+03	3.00E+02	3.00E+02	3.00E+02	1.96E+03	1.31E+03	1.51E+03	1.41E+03	1.29E+03	1.36E+03	1.25E+03	2.00E+02	3.00E+02	3.00E+02
5.32E+02	5.08E+02	5.07E+02	5.12E+02	4.79E+02	5.31E+02	5.11E+02	5.10E+02	5.16E+02	5.07E+02	5.11E+02	5.12E+02	5.41E+02	5.12E+02	5.38E+02	5.17E+02	5.42E+02	5.36E+02	5.30E+02	5.10E+02
3.00E+02	3.00E+02	3.00E+02	3.00E+02	4.14E+02	3.00E+02	4.03E+02	3.00E+02	3.00E+02	3.00E+02	3.00E+02	3.00E+02	4.14E+02	3.00E+02	3.00E+02	3.00E+02	3.00E+02	3.00E+02	3.00E+02	3.00E+02
4.50E+02	4.70E+02	4.19E+02	4.94E+02	4.64E+02	4.57E+02	4.50E+02	4.85E+02	4.99E+02	4.70E+02	4.87E+02	4.54E+02	5.01E+02	4.31E+02	4.83E+02	5.78E+02	4.86E+02	4.80E+02	5.69E+02	4.46E+02
4.84E+03	2.69E+03	2.92E+03	4.00E+03	3.94E+03	2.49E+03	6.40E+03	3.93E+03	3.30E+03	3.60E+03	3.76E+03	3.28E+03	3.32E+03	2.75E+03	5.19E+03	6.71E+03	2.95E+03	2.58E+03	6.32E+03	4.96E+03
