4.12E+10	2.43E+10	1.74E+10	3.44E+10	3.09E+10	3.22E+10	3.50E+10	2.31E+10	3.86E+10	1.60E+10	4.42E+10	2.33E+10	5.04E+10	4.81E+10	2.30E+10	3.00E+10	4.86E+10	3.67E+10	3.13E+10	4.18E+10
0.00E+00	0.00E+00	0.00E+00	0.00E+00	0.00E+00	0.00E+00	0.00E+00	0.00E+00	0.00E+00	0.00E+00	0.00E+00	0.00E+00	0.00E+00	0.00E+00	0.00E+00	0.00E+00	0.00E+00	0.00E+00	0.00E+00	0.00E+00
8.29E+04	9.64E+04	9.22E+04	8.78E+04	8.48E+04	9.29E+04	7.13E+04	7.23E+04	8.43E+04	8.05E+04	9.13E+04	8.61E+04	8.77E+04	8.98E+04	9.20E+04	9.36E+04	8.82E+04	5.82E+04	8.66E+04	9.11E+04
2.82E+03	6.94E+03	4.43E+03	4.35E+03	3.50E+03	5.83E+03	4.30E+03	6.13E+03	7.03E+03	4.96E+03	6.40E+03	5.23E+03	5.47E+03	6.38E+03	8.76E+03	9.75E+03	4.12E+03	6.56E+03	3.94E+03	6.65E+03
3.90E+02	3.51E+02	3.56E+02	3.32E+02	4.13E+02	3.75E+02	3.74E+02	3.12E+02	3.50E+02	3.10E+02	3.37E+02	3.96E+02	3.64E+02	3.54E+02	3.13E+02	3.68E+02	4.09E+02	3.63E+02	3.47E+02	3.68E+02
5.84E+01	6.12E+01	6.10E+01	5.87E+01	6.45E+01	5.44E+01	6.49E+01	6.09E+01	6.12E+01	6.42E+01	6.30E+01	6.19E+01	6.02E+01	6.71E+01	5.56E+01	6.12E+01	6.93E+01	6.88E+01	6.27E+01	5.98E+01
7.25E+02	7.68E+02	6.80E+02	7.02E+02	7.71E+02	7.69E+02	7.03E+02	8.20E+02	6.89E+02	7.02E+02	6.78E+02	7.53E+02	7.93E+02	8.58E+02	7.55E+02	7.84E+02	7.70E+02	8.58E+02	7.03E+02	8.13E+02
4.03E+02	3.28E+02	3.31E+02	3.76E+02	4.03E+02	3.86E+02	3.89E+02	2.79E+02	3.78E+02	3.01E+02	3.91E+02	3.47E+02	4.22E+02	4.27E+02	4.06E+02	3.71E+02	3.42E+02	3.48E+02	3.83E+02	4.90E+02
7.11E+03	6.76E+03	6.28E+03	5.05E+03	6.72E+03	7.80E+03	8.75E+03	8.55E+03	8.14E+03	8.08E+03	7.91E+03	7.82E+03	7.13E+03	7.28E+03	7.45E+03	8.66E+03	8.64E+03	6.44E+03	6.28E+03	7.66E+03
7.35E+03	6.81E+03	3.83E+03	5.86E+03	6.13E+03	6.94E+03	6.59E+03	5.67E+03	6.29E+03	6.29E+03	5.45E+03	6.15E+03	4.21E+03	6.12E+03	6.59E+03	5.81E+03	5.90E+03	6.28E+03	6.15E+03	5.79E+03
3.79E+03	4.63E+03	5.29E+03	7.69E+03	1.00E+04	6.47E+03	3.81E+03	5.90E+03	3.91E+03	6.21E+03	1.05E+04	7.77E+03	8.59E+03	6.95E+03	1.12E+04	5.75E+03	3.63E+03	6.81E+03	5.17E+03	6.55E+03
9.49E+09	4.01E+09	3.45E+09	9.51E+09	5.65E+09	2.23E+09	6.50E+09	6.94E+09	7.24E+09	4.13E+09	6.29E+09	4.57E+09	3.03E+09	3.88E+09	2.30E+09	5.12E+09	4.46E+09	5.15E+09	4.83E+09	3.82E+09
7.00E+08	7.99E+08	1.60E+09	9.73E+08	7.86E+09	3.26E+09	3.16E+08	8.34E+08	7.42E+08	8.56E+08	5.58E+08	1.96E+08	9.22E+08	5.59E+08	2.64E+08	4.90E+08	2.48E+08	2.31E+08	4.58E+08	8.36E+08
3.62E+06	2.59E+06	7.01E+05	1.11E+05	1.31E+05	2.10E+06	5.01E+04	5.29E+06	1.96E+06	1.65E+06	2.01E+06	3.09E+06	4.15E+06	2.53E+06	2.34E+06	1.80E+06	3.15E+06	1.36E+06	5.61E+06	3.64E+06
1.01E+09	1.24E+08	1.31E+08	3.77E+08	3.20E+08	5.58E+06	9.62E+07	1.45E+05	2.47E+08	1.18E+06	2.36E+07	1.03E+06	8.10E+07	9.49E+07	2.11E+07	4.23E+07	9.18E+08	2.44E+05	1.65E+06	2.26E+08
4.21E+03	2.35E+03	1.95E+03	1.52E+03	2.88E+03	2.84E+03	2.35E+03	3.59E+03	2.58E+03	3.20E+03	2.20E+03	1.91E+03	3.33E+03	2.63E+03	3.07E+03	2.84E+03	2.58E+03	2.64E+03	2.42E+03	2.49E+03
1.20E+03	1.57E+03	9.96E+02	1.04E+03	1.39E+03	1.14E+03	1.47E+03	1.92E+03	1.49E+03	7.80E+02	7.54E+02	1.18E+03	1.30E+03	1.23E+03	1.18E+03	7.22E+02	1.14E+03	9.96E+02	8.12E+02	1.10E+03
9.95E+06	1.39E+06	1.58E+07	1.72E+07	4.13E+07	2.23E+07	3.42E+05	3.80E+06	1.04E+08	5.80E+06	1.66E+07	1.14E+05	2.30E+07	5.06E+06	1.24E+06	4.44E+07	7.39E+06	1.37E+06	2.88E+05	5.20E+06
2.38E+07	8.36E+07	4.05E+06	9.73E+05	9.09E+06	4.09E+07	1.90E+08	1.88E+07	8.55E+07	4.67E+08	5.11E+07	3.90E+07	2.19E+08	8.83E+07	2.88E+08	3.35E+08	3.70E+08	4.20E+07	8.65E+08	2.94E+07
7.51E+02	8.81E+02	8.52E+02	6.88E+02	8.08E+02	6.64E+02	8.39E+02	4.91E+02	8.38E+02	9.62E+02	6.74E+02	9.90E+02	7.85E+02	6.32E+02	5.95E+02	7.79E+02	9.76E+02	8.50E+02	6.01E+02	6.21E+02
4.89E+02	5.66E+02	5.16E+02	6.18E+02	4.42E+02	5.09E+02	5.19E+02	5.52E+02	5.55E+02	5.37E+02	5.76E+02	5.60E+02	5.31E+02	5.17E+02	5.41E+02	4.74E+02	6.30E+02	5.32E+02	3.97E+02	5.69E+02
6.50E+03	6.60E+03	6.60E+03	6.78E+03	7.46E+03	6.28E+03	6.33E+03	6.14E+03	1.51E+03	2.45E+03	6.57E+03	5.74E+03	6.45E+03	6.80E+03	5.28E+03	5.42E+03	6.86E+03	7.10E+03	1.59E+03	7.41E+03
8.53E+02	1.21E+03	8.32E+02	7.80E+02	1.28E+03	1.01E+03	1.17E+03	8.59E+02	1.09E+03	9.33E+02	8.86E+02	9.91E+02	9.14E+02	8.55E+02	9.07E+02	8.10E+02	1.02E+03	1.07E+03	8.11E+02	9.62E+02
1.08E+03	1.02E+03	1.20E+03	9.12E+02	9.64E+02	1.06E+03	1.02E+03	1.33E+03	8.23E+02	1.07E+03	8.83E+02	1.07E+03	9.64E+02	1.01E+03	1.08E+03	1.20E+03	1.07E+03	1.27E+03	1.23E+03	1.30E+03
1.51E+03	1.59E+03	1.46E+03	3.12E+03	2.31E+03	1.52E+03	1.57E+03	1.65E+03	1.71E+03	9.39E+02	1.70E+03	1.96E+03	1.97E+03	2.06E+03	1.84E+03	2.58E+03	1.61E+03	1.75E+03	1.14E+03	2.34E+03
6.12E+03	5.47E+03	6.51E+03	7.85E+03	5.67E+03	6.44E+03	6.41E+03	8.42E+03	6.21E+03	6.61E+03	7.61E+03	5.32E+03	5.19E+03	7.44E+03	6.93E+03	5.78E+03	7.03E+03	6.86E+03	6.16E+03	6.88E+03
5.00E+02	5.00E+02	5.00E+02	5.00E+02	5.00E+02	5.00E+02	5.00E+02	5.00E+02	5.00E+02	5.00E+02	5.00E+02	5.00E+02	5.00E+02	5.00E+02	5.00E+02	5.00E+02	5.00E+02	5.00E+02	5.00E+02	5.00E+02
5.00E+02	5.00E+02	5.00E+02	5.00E+02	5.00E+02	5.00E+02	5.00E+02	5.00E+02	5.00E+02	5.00E+02	5.00E+02	5.00E+02	5.00E+02	5.00E+02	5.00E+02	5.00E+02	5.00E+02	5.00E+02	5.00E+02	5.00E+02
2.40E+03	1.96E+03	2.49E+03	1.74E+03	1.32E+03	5.08E+03	3.16E+03	2.58E+03	2.82E+03	1.57E+03	3.43E+03	1.40E+03	3.58E+03	2.84E+03	1.81E+03	2.76E+03	2.87E+03	2.11E+03	1.78E+03	2.40E+03
5.03E+08	2.71E+08	7.44E+07	1.84E+08	1.97E+08	6.86E+07	8.72E+07	7.72E+07	4.30E+07	2.08E+08	2.66E+07	3.11E+08	7.81E+07	7.00E+07	8.55E+07	2.49E+08	4.67E+07	3.37E+08	5.24E+07	4.66E+07
